2018-01-17/23:20:34 [INF] [log.go:22] [_/E_/golang/src/service/tools.LogInfo] [[0 0 0 0 0 0 0 0 0 0 0 0 0 0 0 0 0 0 0 0 0 0 0 0 0 0 0 0 0 0 0 0 0 0 0 0 0 0 0 0 0 0 0 0 0 0 0 0]]
2018-01-17/23:21:27 [INF] [log.go:22] [_/E_/golang/src/service/tools.LogInfo] [[0 0 0 0 0 0 0 0 0 0 0 0 0 0 0 0 0 0 0 0 0 0 0 0 0 0 0 0 0 0 0 0 0 0 0 0 0 0 0 0 0 0 0 0 0 0 0 0]]
2018-01-17/23:24:03 [INF] [log.go:22] [_/E_/golang/src/service/tools.LogInfo] [[0 0 0 0 0 0 0 0 0 0 0 0 0 0 0 0 0 0 0 0 0 0 0 0 0 0 0 0 0 0 0 0 0 0 0 0 0 0 0 0 0 0 0 0 0 0 0 0]]
2018-01-17/23:24:59 [INF] [log.go:22] [_/E_/golang/src/service/tools.LogInfo] [[0 0 0 0 0 0 0 0 0 0 0 0 0 0 0 0 0 0 0 0 0 0 0 0 0 0 0 0 0 0 0 0 0 0 0 0 0 0 0 0 0 0 0 0 0 0 0 0]]
2018-01-17/23:25:55 [INF] [log.go:22] [_/E_/golang/src/service/tools.LogInfo] [[0 0 0 0 0 0 0 0 0 0 0 0 0 0 0 0 0 0 0 0 0 0 0 0 0 0 0 0 0 0 0 0 0 0 0 0 0 0 0 0 0 0 0 0 0 0 0 0]]
2018-01-17/23:28:55 [INF] [log.go:22] [_/E_/golang/src/service/tools.LogInfo] [[0 0 0 0 0 0 0 0 0 0 0 0 0 0 0 0 0 0 0 0 0 0 0 0 0 0 0 0 0 0 0 0 0 0 0 0 0 0 0 0 0 0 0 0 0 0 0 0]]
2018-01-17/23:29:25 [INF] [log.go:22] [_/E_/golang/src/service/tools.LogInfo] [[0 0 0 0 0 0 0 0 0 0 0 0 0 0 0 0 0 0 0 0 0 0 0 0 0 0 0 0 0 0 0 0 0 0 0 0 0 0 0 0 0 0 0 0 0 0 0 0]]
2018-01-17/23:34:47 [INF] [log.go:22] [_/E_/golang/src/service/tools.LogInfo] [[0 0 0 0 0 0 0 0 0 0 0 0 0 0 0 0 0 0 0 0 0 0 0 0 0 0 0 0 0 0 0 0 0 0 0 0 0 0 0 0 0 0 0 0 0 0 0 0]]
2018-01-17/23:35:05 [INF] [log.go:22] [_/E_/golang/src/service/tools.LogInfo] [[0 0 0 0 0 0 0 0 0 0 0 0 0 0 0 0 0 0 0 0 0 0 0 0 0 0 0 0 0 0 0 0 0 0 0 0 0 0 0 0 0 0 0 0 0 0 0 0]]
2018-01-17/23:35:42 [INF] [log.go:22] [_/E_/golang/src/service/tools.LogInfo] [[0 0 0 0 0 0 0 0 0 0 0 0 0 0 0 0 0 0 0 0 0 0 0 0 0 0 0 0 0 0 0 0 0 0 0 0 0 0 0 0 0 0 0 0 0 0 0 0]]
